                       Results: Ordinary least squares
==============================================================================
Model:                  OLS                  Adj. R-squared:         0.132    
Dependent Variable:     reviews.rating       AIC:                    3360.6708
Date:                   2019-09-13 16:05     BIC:                    4240.5509
No. Observations:       1231                 Log-Likelihood:         -1508.3  
Df Model:               171                  F-statistic:            2.093    
Df Residuals:           1059                 Prob (F-statistic):     2.11e-12 
R-squared:              0.253                Scale:                  0.78916  
------------------------------------------------------------------------------
                                 Coef.  Std.Err.    t    P>|t|   [0.025 0.975]
------------------------------------------------------------------------------
B__1000 Stories                  5.0000   0.6282  7.9598 0.0000  3.7674 6.2326
B__14 Hands Winery               5.0000   0.8883  5.6284 0.0000  3.2569 6.7431
B__19 Crimes                     5.0000   0.6282  7.9598 0.0000  3.7674 6.2326
B__603 Brewery                   5.0000   0.5129  9.7487 0.0000  3.9936 6.0064
B__ABSOLUT                       5.0000   0.8883  5.6284 0.0000  3.2569 6.7431
B__ALAMOS                        5.0000   0.8883  5.6284 0.0000  3.2569 6.7431
B__APOTHIC                       5.0000   0.8883  5.6284 0.0000  3.2569 6.7431
B__Admiral Nelson                4.0000   0.8883  4.5028 0.0000  2.2569 5.7431
B__American Beverage             4.7143   0.3358 14.0405 0.0000  4.0554 5.3731
B__Angostora                     4.8000   0.2809 17.0868 0.0000  4.2488 5.3512
B__Angostura                     5.0000   0.5129  9.7487 0.0000  3.9936 6.0064
B__Apothic                       4.3333   0.5129  8.4489 0.0000  3.3269 5.3397
B__BELLA BOLLE                   5.0000   0.8883  5.6284 0.0000  3.2569 6.7431
B__BOGLE                         4.5000   0.6282  7.1638 0.0000  3.2674 5.7326
B__Bagel Bites                   4.6667   0.5129  9.0988 0.0000  3.6603 5.6731
B__Bar-S                         4.8333   0.3627 13.3273 0.0000  4.1217 5.5450
B__Barefoot                      5.0000   0.8883  5.6284 0.0000  3.2569 6.7431
B__Bartenura                     5.0000   0.8883  5.6284 0.0000  3.2569 6.7431
B__Bartles & Jaymes              5.0000   0.8883  5.6284 0.0000  3.2569 6.7431
B__Basil Hayden's                5.0000   0.3973 12.5856 0.0000  4.2205 5.7795
B__Beck's Na                     5.0000   0.8883  5.6284 0.0000  3.2569 6.7431
B__Belle                         5.0000   0.8883  5.6284 0.0000  3.2569 6.7431
B__Beringer                      5.0000   0.8883  5.6284 0.0000  3.2569 6.7431
B__Bittermens                    4.5667   0.0811 56.3129 0.0000  4.4075 4.7258
B__Black Box                     3.3333   0.5129  6.4992 0.0000  2.3269 4.3397
B__Blackstone Winemaker's Select 4.0000   0.8883  4.5028 0.0000  2.2569 5.7431
B__Blue Moon                     5.0000   0.6282  7.9598 0.0000  3.7674 6.2326
B__Bogle Vineyards               5.0000   0.8883  5.6284 0.0000  3.2569 6.7431
B__Bravino                       4.0000   0.8883  4.5028 0.0000  2.2569 5.7431
B__Brisk                         5.0000   0.8883  5.6284 0.0000  3.2569 6.7431
B__Bud Light                     4.7500   0.4442 10.6940 0.0000  3.8784 5.6216
B__Bud Liight Lime               5.0000   0.8883  5.6284 0.0000  3.2569 6.7431
B__Budweiser                     5.0000   0.8883  5.6284 0.0000  3.2569 6.7431
B__CHEF'S FINEST                 4.3333   0.5129  8.4489 0.0000  3.3269 5.3397
B__COCO REAL                     5.0000   0.6282  7.9598 0.0000  3.7674 6.2326
B__CRA-Z-ART                     2.0000   0.6282  3.1839 0.0015  0.7674 3.2326
B__California Roots              3.8333   0.3627 10.5699 0.0000  3.1217 4.5450
B__Canada Dry                    2.6667   0.5129  5.1993 0.0000  1.6603 3.6731
B__Carlo Rossi                   5.0000   0.8883  5.6284 0.0000  3.2569 6.7431
B__Carnivor                      4.0000   0.8883  4.5028 0.0000  2.2569 5.7431
B__Charles Charles               5.0000   0.8883  5.6284 0.0000  3.2569 6.7431
B__Chateau Ste Michelle          5.0000   0.8883  5.6284 0.0000  3.2569 6.7431
B__Clamato                       4.8750   0.1110 43.9019 0.0000  4.6571 5.0929
B__Clos Du Bois                  4.0000   0.8883  4.5028 0.0000  2.2569 5.7431
B__Cobblestone Bread Co.         4.3636   0.2678 16.2916 0.0000  3.8381 4.8892
B__Cocktail Artist               4.8906   0.1110 44.0426 0.0000  4.6727 5.1085
B__Coco Real                     5.0000   0.8883  5.6284 0.0000  3.2569 6.7431
B__Cook's                        5.0000   0.8883  5.6284 0.0000  3.2569 6.7431
B__Cook's California Champagne   5.0000   0.8883  5.6284 0.0000  3.2569 6.7431
B__Coppola                       5.0000   0.5129  9.7487 0.0000  3.9936 6.0064
B__Corona Extra                  5.0000   0.8883  5.6284 0.0000  3.2569 6.7431
B__Crown Royal                   5.0000   0.8883  5.6284 0.0000  3.2569 6.7431
B__Cruz Garcia                   4.0000   0.8883  4.5028 0.0000  2.2569 5.7431
B__Cupcake Vineyards             4.5000   0.6282  7.1638 0.0000  3.2674 5.7326
B__DUPLIN                        5.0000   0.8883  5.6284 0.0000  3.2569 6.7431
B__Daily's                       5.0000   0.8883  5.6284 0.0000  3.2569 6.7431
B__Davinci                       5.0000   0.8883  5.6284 0.0000  3.2569 6.7431
B__Dirty Sue                     4.6750   0.1405 33.2836 0.0000  4.3994 4.9506
B__Disaronno                     4.0000   0.8883  4.5028 0.0000  2.2569 5.7431
B__Diseno                        5.0000   0.8883  5.6284 0.0000  3.2569 6.7431
B__EFFEN                         5.0000   0.6282  7.9598 0.0000  3.7674 6.2326
B__Effen                         3.0000   0.4442  6.7541 0.0000  2.1284 3.8716
B__El Jimador                    5.0000   0.8883  5.6284 0.0000  3.2569 6.7431
B__Entwine                       5.0000   0.8883  5.6284 0.0000  3.2569 6.7431
B__Estancia                      5.0000   0.8883  5.6284 0.0000  3.2569 6.7431
B__Fancy Pants                   5.0000   0.5129  9.7487 0.0000  3.9936 6.0064
B__Fat Tire                      5.0000   0.8883  5.6284 0.0000  3.2569 6.7431
B__Fee Brothers                  5.0000   0.8883  5.6284 0.0000  3.2569 6.7431
B__Fetzer Valley Oaks            5.0000   0.8883  5.6284 0.0000  3.2569 6.7431
B__Fresh Craft Co.               5.0000   0.8883  5.6284 0.0000  3.2569 6.7431
B__Frontera                      2.7500   0.4442  6.1913 0.0000  1.8784 3.6216
B__Gallo                         4.0000   0.3627 11.0295 0.0000  3.2884 4.7116
B__George Killian's              4.0000   0.8883  4.5028 0.0000  2.2569 5.7431
B__Giuliano Foods                5.0000   0.5129  9.7487 0.0000  3.9936 6.0064
B__Gmax                          4.6957   0.1852 25.3500 0.0000  4.3322 5.0591
B__Goya Food                     4.3889   0.2094 20.9609 0.0000  3.9780 4.7997
B__HORNITOS                      5.0000   0.3627 13.7868 0.0000  4.2884 5.7116
B__Handsome Devil                5.0000   0.8883  5.6284 0.0000  3.2569 6.7431
B__Heineken                      5.0000   0.3358 14.8915 0.0000  4.3412 5.6588
B__Helados Mexico                5.0000   0.6282  7.9598 0.0000  3.7674 6.2326
B__JOSH CELLARS                  4.5000   0.6282  7.1638 0.0000  3.2674 5.7326
B__Jack Daniel's                 4.2273   0.1894 22.3198 0.0000  3.8556 4.5989
B__Jim Beam                      4.8741   0.0765 63.7496 0.0000  4.7241 5.0241
B__Jim Beam Black                5.0000   0.1742 28.6995 0.0000  4.6581 5.3419
B__Jose Cuervo                   4.6000   0.1622 28.3620 0.0000  4.2818 4.9182
B__Josh Cellars                  5.0000   0.8883  5.6284 0.0000  3.2569 6.7431
B__KNOB CREEK                    4.6923   0.2464 19.0448 0.0000  4.2089 5.1758
B__Kendall-Jackson               5.0000   0.8883  5.6284 0.0000  3.2569 6.7431
B__KooL-Aid                      4.6667   0.5129  9.0988 0.0000  3.6603 5.6731
B__LA MARCA                      5.0000   0.8883  5.6284 0.0000  3.2569 6.7431
B__LIBERTY CREEK                 4.0000   0.8883  4.5028 0.0000  2.2569 5.7431
B__La Marca                      5.0000   0.8883  5.6284 0.0000  3.2569 6.7431
B__Leinenkugel's                 5.0000   0.8883  5.6284 0.0000  3.2569 6.7431
B__Les Trois Petits Cochons      3.0000   0.8883  3.3771 0.0008  1.2569 4.7431
B__Lolailo                       4.5714   0.3358 13.6150 0.0000  3.9126 5.2303
B__Love Noir                     5.0000   0.6282  7.9598 0.0000  3.7674 6.2326
B__Luccio                        5.0000   0.5129  9.7487 0.0000  3.9936 6.0064
B__MODERN COCKTAIL               4.4286   0.3358 13.1896 0.0000  3.7697 5.0874
B__MOGEN DAVID                   5.0000   0.8883  5.6284 0.0000  3.2569 6.7431
B__Manischewitz                  5.0000   0.8883  5.6284 0.0000  3.2569 6.7431
B__Margaritaville                4.7500   0.4442 10.6940 0.0000  3.8784 5.6216
B__Martini & Rossi               4.5000   0.6282  7.1638 0.0000  3.2674 5.7326
B__Martini Rossi                 5.0000   0.8883  5.6284 0.0000  3.2569 6.7431
B__Master of Mixes               4.5270   0.1033 43.8376 0.0000  4.3244 4.7297
B__Meiomi                        4.5000   0.6282  7.1638 0.0000  3.2674 5.7326
B__Melitta                       4.5000   0.6282  7.1638 0.0000  3.2674 5.7326
B__Menage A Trois                4.7500   0.4442 10.6940 0.0000  3.8784 5.6216
B__Michelob Ultra                3.0000   0.6282  4.7759 0.0000  1.7674 4.2326
B__Middle Sister                 4.5000   0.6282  7.1638 0.0000  3.2674 5.7326
B__Miller Genuine Draft          5.0000   0.8883  5.6284 0.0000  3.2569 6.7431
B__Mirassou                      4.0000   0.8883  4.5028 0.0000  2.2569 5.7431
B__Modern House Wines            5.0000   0.8883  5.6284 0.0000  3.2569 6.7431
B__Moet Chandon                  5.0000   0.8883  5.6284 0.0000  3.2569 6.7431
B__Mr. & Mrs. T                  4.6400   0.1256 36.9336 0.0000  4.3935 4.8865
B__Mr. Brown                     5.0000   0.8883  5.6284 0.0000  3.2569 6.7431
B__New Belgium                   5.0000   0.8883  5.6284 0.0000  3.2569 6.7431
B__Oak Leaf                      5.0000   0.5129  9.7487 0.0000  3.9936 6.0064
B__Pain Is Good                  3.6667   0.5129  7.1491 0.0000  2.6603 4.6731
B__Pinnacle                      4.7857   0.2374 20.1571 0.0000  4.3198 5.2516
B__PongCaddie                    5.0000   0.8883  5.6284 0.0000  3.2569 6.7431
B__Powell & Mahoney              5.0000   0.4442 11.2569 0.0000  4.1284 5.8716
B__Powell Mahoney                4.6250   0.1813 25.5056 0.0000  4.2692 4.9808
B__Powerblanket ICE              5.0000   0.8883  5.6284 0.0000  3.2569 6.7431
B__Promisqous                    5.0000   0.8883  5.6284 0.0000  3.2569 6.7431
B__ROCKDALE                      4.5000   0.6282  7.1638 0.0000  3.2674 5.7326
B__RUMCHATA                      5.0000   0.8883  5.6284 0.0000  3.2569 6.7431
B__Regatta                       2.0000   0.8883  2.2514 0.0246  0.2569 3.7431
B__Relax                         5.0000   0.8883  5.6284 0.0000  3.2569 6.7431
B__Risata                        5.0000   0.6282  7.9598 0.0000  3.7674 6.2326
B__Riunite                       5.0000   0.4442 11.2569 0.0000  4.1284 5.8716
B__Robert Mondavi Winery         5.0000   0.8883  5.6284 0.0000  3.2569 6.7431
B__Roland                        5.0000   0.8883  5.6284 0.0000  3.2569 6.7431
B__Rolling Rock                  5.0000   0.8883  5.6284 0.0000  3.2569 6.7431
B__Roscato                       4.3333   0.3627 11.9486 0.0000  3.6217 5.0450
B__Rose's                        5.0000   0.3627 13.7868 0.0000  4.2884 5.7116
B__SIERRA NEVADA                 5.0000   0.6282  7.9598 0.0000  3.7674 6.2326
B__STELLA ROSA                   5.0000   0.5129  9.7487 0.0000  3.9936 6.0064
B__Sam's Choice                  5.0000   0.8883  5.6284 0.0000  3.2569 6.7431
B__Sammy's Beach Bar             5.0000   0.8883  5.6284 0.0000  3.2569 6.7431
B__Sancho Libre                  5.0000   0.8883  5.6284 0.0000  3.2569 6.7431
B__Sauza                         5.0000   0.1679 29.7829 0.0000  4.6706 5.3294
B__Schweppes                     4.1250   0.3141 13.1337 0.0000  3.5087 4.7413
B__Seagram's                     4.6000   0.3973 11.5787 0.0000  3.8205 5.3795
B__Shasta                        4.7500   0.4442 10.6940 0.0000  3.8784 5.6216
B__Sierra Nevada                 5.0000   0.6282  7.9598 0.0000  3.7674 6.2326
B__Silver Spring                 5.0000   0.4442 11.2569 0.0000  4.1284 5.8716
B__Skinnygirl Cocktails          2.0000   0.8883  2.2514 0.0246  0.2569 3.7431
B__Small Town Brewery            5.0000   0.8883  5.6284 0.0000  3.2569 6.7431
B__Smirnoff                      5.0000   0.8883  5.6284 0.0000  3.2569 6.7431
B__Solana Agave                  5.0000   0.6282  7.9598 0.0000  3.7674 6.2326
B__Spikedseltzer                 5.0000   0.8883  5.6284 0.0000  3.2569 6.7431
B__Stella Artois                 5.0000   0.6282  7.9598 0.0000  3.7674 6.2326
B__Stirrings                     5.0000   0.5129  9.7487 0.0000  3.9936 6.0064
B__Strongbow                     5.0000   0.8883  5.6284 0.0000  3.2569 6.7431
B__TROUBLE BREWING               5.0000   0.8883  5.6284 0.0000  3.2569 6.7431
B__Tecate                        5.0000   0.8883  5.6284 0.0000  3.2569 6.7431
B__Tito's Handmade Vodka         5.0000   0.8883  5.6284 0.0000  3.2569 6.7431
B__Truly Spiked Sparkling        5.0000   0.6282  7.9598 0.0000  3.7674 6.2326
B__Trump Winery                  1.0000   0.8883  1.1257 0.2606 -0.7431 2.7431
B__Up & Up                       4.0000   0.6282  6.3679 0.0000  2.7674 5.2326
B__Urban Moonshine               4.3333   0.5129  8.4489 0.0000  3.3269 5.3397
B__VIRGILS                       4.6667   0.5129  9.0988 0.0000  3.6603 5.6731
B__VOGA Italia                   5.0000   0.8883  5.6284 0.0000  3.2569 6.7431
B__Vintage Wine Estates          3.4884   0.0958 36.4158 0.0000  3.3004 3.6763
B__Vita Foods                    5.0000   0.8883  5.6284 0.0000  3.2569 6.7431
B__WOODFORD RESERVE              5.0000   0.8883  5.6284 0.0000  3.2569 6.7431
B__Wild                          5.0000   0.6282  7.9598 0.0000  3.7674 6.2326
B__Wine Cube153                  4.2308   0.2464 17.1715 0.0000  3.7473 4.7142
B__Woodbridge                    4.0000   0.6282  6.3679 0.0000  2.7674 5.2326
B__Yellow Tail                   5.0000   0.8883  5.6284 0.0000  3.2569 6.7431
B__Zing Zang                     4.9434   0.1220 40.5118 0.0000  4.7040 5.1828
B__boomchugalug                  4.0000   0.3973 10.0685 0.0000  3.2205 4.7795
------------------------------------------------------------------------------
Omnibus:                  476.080          Durbin-Watson:             1.210   
Prob(Omnibus):            0.000            Jarque-Bera (JB):          1993.230
Skew:                     -1.823           Prob(JB):                  0.000   
Kurtosis:                 8.056            Condition No.:             12      
==============================================================================
